mz_rt	C1	C2	C3	H1	H2	H3	QC01	QC02	QC03
200.0472_3.05	56206385.99	66251017.06	26060011.57	80891740.84	92524600.26	91753844.33	63173477.96	62413263.54	61898908.39
297.1165_0.74	1265679.209	1209503.123	1278232.326	0	0	0	581476.1924	612710.1944	578226.7671
163.1076_0.5	476581.8013	453339.7817	475754.9444	737.6718799	533.0347976	2283.30774	348035.9048	368352.4665	370709.6658
116.0708_1.09	2925062.796	3191524.777	2765825.617	3882198.41	3885041.914	3192616.028	3804432.801	3755887.109	3949673.014
187.0712_1.08	963816.7928	978530.6174	1013600.972	31280.56453	80307.04058	37374.09423	1357694.961	1334354.902	1346117.097
262.103_0.74	729479.3882	669101.8854	679770.083	0	0	5026.871866	363477.4794	348792.3398	373014.5115
337.1478_0.83	2507598.703	2405971.658	1708094.093	0	0	0	136329.5541	147892.2196	159913.9059
394.2061_1.79	163202.1402	119821.5716	232047.4995	494380.4791	333774.8206	262875.4368	191550.2537	173621.6284	155095.7705
251.1499_1.82	5170216.923	4555696.515	6561755.734	1439.819292	1141.048302	1302.24134	4634833.991	4354808.866	4642981.122
466.3144_6.19	367006.8104	344321.7603	614148.7321	28786.58616	48550.53584	42029.38104	214711.78	192178.4732	186425.1994
430.2217_6.18	186.8402421	0	0	3413473.026	3762232.7	2630261.753	2132464.512	1493803.967	984898.2978
449.3594_7.4	155572506.8	164166255	114587052.7	212754866.6	254677830.6	262324038.1	246271727.6	243725472.1	234270846.8
212.1028_1.79	3603816.126	3286245.694	4519877.571	264036.391	267619.7932	244169.1519	3667688.603	3529712.992	3688436.087
166.0861_2.34	118038112.2	106938655.4	152589564.7	762242.4772	1409924.427	871984.5892	92194003.73	92658051.17	94064885.41
345.1763_1.77	5281456.054	4762025.157	7666374.276	4127.400668	1213.882628	903.5604776	6660606.981	6543611.692	6735513.764
467.1857_0.82	1954218.566	1906453.938	1898700.631	0	0	0	327875.1169	338069.2849	315276.7948
173.092_0.8	3938565.333	3793449.526	4348120.641	4955.969355	21465.35623	9559.114737	2908072.962	2906712.67	2890998.449
246.181_0.74	1118476.514	1030335.12	1204382.994	56048.58593	50445.70933	51096.65844	608103.1786	607938.5653	624177.7756
138.0524_0.66	341138.8241	343084.7238	473958.6982	614385.2117	512632.8014	435870.9121	435373.7409	444892.6236	467148.715
147.0763_0.65	5692882.681	5733337.429	5344331.7	1367321.517	1610765.393	1237343.228	4466477.872	4649762.789	4695484.722
145.0494_0.46	2478528.812	2592503.81	1816745.666	2977949.702	3117262.817	2903214.292	2757531.594	2757635.282	3188003.221
152.0317_0.84	196034.9485	199785.5635	325177.2583	0	0	0	84801.0797	80881.37033	76144.10937
273.1844_0.24	239473.3643	223716.7111	150837.0946	485838.0384	440357.527	361778.2021	560413.8482	299035.4097	207522.2278
85.0288_0.39	73484.68845	71400.62322	53527.02083	80618.52468	90813.02716	81575.91781	72620.16398	72873.61906	79796.91292
103.1233_0.5	211802.8365	209095.8248	168284.5689	964.5210274	827.3144174	947.3302112	202551.6221	187653.9228	179611.5769
174.1349_0.54	236664.4127	244883.3658	130325.3171	10534.59895	10175.1989	7643.172359	245665.0263	230651.774	222783.1665
161.1283_0.54	33245.43099	33814.1441	18735.40183	99611.24232	129694.8621	179669.0804	50596.47579	43863.00632	43471.72781
240.0951_0.77	2011881.458	1846108.028	2158813.75	0	0	0	1045092.27	1130900.272	1144493.983
260.1965_0.77	830906.6245	769707.4537	680896.8312	0	0	0	290624.0465	266363.4069	281826.5803
176.1028_1.02	131580.7213	170189.6262	157739.8546	1435516.503	1174652.937	1189860.564	612922.2319	611239.7666	612702.1493
141.0657_0.77	156580.5449	149489.1936	126015.9647	0	3388.73223	0	21564.37671	31288.95271	35348.71076
186.1236_1.07	309997.6795	342197.3073	447239.1	0	0	1117.238715	311329.4323	295867.4971	281438.3126
217.1294_1.12	141536.9304	150883.4055	52446.80852	12820250.88	13102418.3	8481428.019	3479166.144	3415047.945	3541735.508
276.1009_1.28	128.4171636	0	23054.78115	2109816.704	2993564.911	2689952.575	877276.6866	919896.6146	905827.0972
175.1076_1.38	11903578.73	10960745.52	18395698.52	452211.7904	560923.0072	387973.0211	12023979.06	12466934.98	12541932.12
219.1337_1.41	5657615.8	5382522.998	8270840.655	159473.0498	192778.0294	114085.3147	6286370.12	6377505.116	6438105.747
121.0648_1.44	1017394.07	1000234.764	1178415.525	675098.2183	660148.5878	523767.1848	1242143.39	1265190.704	1268231.13
247.1285_1.48	1430158.751	1273905.444	2178141.446	68154.71728	63558.83517	43052.72872	1400853.195	1511081.44	1475299.537
259.0919_1.67	526329.6318	485811.753	675346.9131	57132.66199	59764.82641	46171.07682	490286.3861	528102.1926	533123.4445
664.1157_1.07	0	0	3504.871476	18553070.41	21401955.39	15063822.96	3918333.076	3796155.373	3997073.032
299.1702_1.8	1437004.521	1283214.904	2015426.791	756381.1895	651457.0126	581189.1727	1977480.139	1706743.31	1735477.719
155.0814_1.82	5577843.489	5235697.542	6050660.904	246013.5887	208733.7047	181270.6524	4923569.943	4724163.924	5280707.288
246.1446_1.93	8869537.434	7736394.443	13080780.5	28828.41762	35408.43638	30889.65101	7710601.698	7361682.916	7754183.146
145.0494_1.96	4408746.697	4605519.997	2492362.271	7540497.454	7936420.077	7327538.596	5884595.107	5439436.967	6214979.538
217.1545_1.93	4039214.148	3578264.338	5673031.171	8144.747867	5243.920578	4030.03445	3238674.388	3102448.445	3196504.911
531.2454_2.02	1449033.153	1301066.788	1017818.298	645.7922476	1828.040741	569.3651001	634246.5287	576599.8836	632019.5832
406.2059_2.07	8278233.844	7512389.037	14811992.78	0	0	0	11694266.32	11002440.74	11448932.13
195.0763_1.8	582466.3977	551462.6969	591642.8628	233509.8491	222280.6274	180739.658	708946.2292	703442.0209	722450.326
290.1705_1.79	783866.2476	665786.2141	1032927.316	1845.983524	4882.532015	2101.734307	885404.0007	864969.1174	877616.2684
226.1184_2.22	1597758.941	1445087.527	1651125.123	715.3147237	766.3273595	1219.748417	1469577.708	1288529.13	1412735.214
103.0545_2.36	4018298.745	3788064.924	5217230.881	53928.41207	74694.19726	51435.97862	3239136.668	3213478.995	3313260.872
203.1389_1.79	2756928.67	2326697.07	4421702.513	38822.12658	42769.69868	23375.10833	2850730.342	2749162.082	2832491.529
249.1449_1.79	1703969.386	1512419.441	2232542.677	20751.53408	14533.32595	15864.65831	2157972.629	2173085.84	2170309.72
265.085_1.79	395512.3797	390231.2637	606418.9012	47827119.78	50013379.87	36998847.18	15278984.68	14583095.63	15452381.53
201.0868_1.79	1680591.677	1463570.839	1919905.299	143639.304	119504.8726	105515.8216	1844782.543	1818211.114	1828195.015
797.3777_2.6	4011634.426	4215591.684	3427165.148	0	0	0	4069054.543	3867380.143	3687986.763
227.1025_2.63	1025189.647	1107326.681	764387.2924	3437.106527	3934.370802	3454.832217	1054628.409	1177654.57	1077742.888
401.2031_2.7	1055283.775	987650.4575	992760.1834	0	0	0	916946.4117	1028266.422	908278.0533
261.1443_2.75	645685.5271	640475.0554	717696.0199	2845.561809	0	827.9768516	561426.0497	614690.8422	600436.7193
519.2405_2.8	5071094.863	4934866.591	4710443.387	0	0	0	4877027.094	5285318.616	4778838.273
539.208_2.63	615.1745314	2125.78863	584.696731	3335873.628	3375372.634	1848528.001	63759.75838	73536.24851	34525.51104
440.7533_2.84	6952035.153	6893306.399	8025749.72	0	0	0	6700376.932	6801282.556	6361897.827
427.2296_2.84	9251642.749	9188976.583	11059945.05	5388.185444	4832.512703	5027.5815	8945813.241	9179865.801	8236043.08
430.2292_2.95	6881445.146	6823519.385	7540348.719	0	0	0	6616213.764	6451808.079	6346767.003
286.1758_2.99	2185316.852	2149624.863	2516509.007	29111.74277	43049.10238	36542.63295	2055654.297	2026207.969	1990746.526
205.097_3.01	17640012.53	17752607.01	17508823.1	146139.7333	148894.7011	113923.7185	16892313.13	16467894.5	16448107.4
137.0152_3.05	75881.1434	86198.26547	30735.15547	129418.8435	145495.0894	155220.5722	74895.2409	85279.05381	83705.9208
242.1497_3.16	239345.4516	273143.7028	137626.2297	0	0	0	232308.1456	239133.3521	222967.5969
281.1129_3.2	1716484.008	1871758.638	1841631.213	112541.9492	115361.1045	83426.55009	1728272.136	1711711.654	1707665.266
147.1127_0.52	1925258.805	1923302.638	1932787.084	164726.6501	230798.4915	176417.9422	1504415.237	1605674.63	1603291.843
454.2292_3.28	709043.7514	846806.8445	560359.3556	0	0	0	820551.1022	787853.3131	829394.9483
667.3768_3.75	3276311.732	2949101.836	4223941.764	0	0	0	2719124.949	2651965.555	2877648.022
728.3936_3.97	2301522.078	1921648.698	2454159.121	0	0	0	1840205.524	1810629.347	1813111.176
305.0566_0.5	114102.006	103152.617	120940.4304	10187.20033	12285.46044	4221.791149	90677.69884	106910.9817	116726.2142
504.3008_4.21	2585733.227	2648100.195	1450500.089	4652750.789	4803845.519	4689939.496	3152197.712	3066051.995	3270941.563
188.128_4.46	91423.98192	107969.9891	55438.07833	1015407.758	1313828.511	499841.5218	310581.7306	323863.1929	325711.7713
730.3581_4.65	1974315.811	1896561.437	2454015.832	0	0	0	1572370.15	1705206.946	1709101.776
273.1592_5.32	198492.8991	190301.7371	264999.1293	35.9838126	37.7047805	19.98434689	137629.4982	131693.9301	135938.1422
602.2632_5.77	419566.4915	349759.4975	525582.3456	0	0	0	297860.3216	294482.5018	323079.7527
391.2292_5.98	498383.8805	533371.9873	256878.937	777416.5357	863800.4335	734851.752	616409.8334	610019.1259	561256.9254
274.2735_6.1	64478564.59	59848077.07	25785038.39	127370274.3	112638150.9	128580128.3	195329463.2	161103941.7	148748461.4
135.0803_6.25	15354.5638	0	0	276134.072	258976.3751	179117.8621	151647.51	115432.5112	117119.8976
115.0867_0.64	335691.3893	322074.6561	395512.1556	40065.98021	44564.84956	28377.92815	190025.4759	216788.7341	237521.5321
114.0664_0.65	1241798.106	1302103.865	1026554.818	0	0	0	408099.7705	458708.9139	473551.0442
189.1232_0.66	1378002.383	1402611.252	1473746.144	48485349.59	49694543.47	41116291.33	19554569.23	20370317.79	20393284.72
104.0709_0.69	272075.0044	255892.936	214770.57	22823063.04	20143610.46	18446439.12	9094803.152	9196202.293	8859032.68
235.1187_0.84	1788529.077	1683356.286	1381303.198	0	0	0	610454.395	590497.9761	569020.5232
112.0871_0.52	128295.6869	132887.2198	69417.91758	221.4480745	811.6329698	0	140776.283	125436.0626	117380.1013
427.1512_0.53	672119.3245	702246.1503	684343.2688	0	0	0	386997.8774	426864.1617	437036.3218
317.0223_0.55	197551.5655	194316.7346	132574.2323	5542.883654	2477.890081	0	149060.2039	144157.4912	148698.8815
189.1597_0.55	139797.1955	136369.6994	110886.7848	15882.8137	15604.30291	17076.39625	121828.6279	106912.943	114104.9693
271.0397_0.59	204864.576	185381.1649	215146.9719	0	0	0	139423.5922	154410.5682	158227.1666
175.1188_0.61	51815808.26	52424431.3	50891756.65	5215.20887	5337.582371	1142.791004	39822635.88	42465871.16	43695668.08
118.0864_0.63	16610532.01	17165158.06	15560970.21	132360521.8	134816500.5	122653353.1	77441461	73393669.1	74114383.42
144.1018_0.63	422874.7751	450299.3046	293167.5516	2758821.993	2761599.141	2642192.975	1570975.869	1480313.644	1499809.641
319.1607_0.63	285914.2505	264009.9354	256004.6286	0	0	0	115446.6692	145983.628	157143.9984
195.0876_0.64	1192438.299	1190486.331	1218506.648	42220.93059	78915.64012	54742.26083	592715.0151	738366.6502	775935.6956
130.0863_0.67	791184.5483	744042.7429	639850.6589	548549.5016	552917.087	518373.9034	884252.642	921235.8411	911238.8227
272.1713_0.68	236136.6871	238915.556	250566.9094	0	0	0	106975.6562	126529.6786	128519.7359
230.0955_0.69	36272.64316	32716.21854	18236.49518	320640.3174	311640.5994	255694.0288	101257.4629	108323.0495	87597.87467
331.0636_0.69	0	0	0	483761.2196	493219.137	452503.1414	6975.078125	3980.166056	0
251.1135_0.74	574289.9447	553939.3993	577260.2899	0	0	0	230077.4896	274436.0975	261296.797
146.0923_0.8	255451.1198	161794.5486	231706.0864	0	0	0	137793.6026	140667.861	130810.2453
72.0813_0.81	1310783.815	1285799.217	1368221.974	161308.7986	183185.7091	187014.1644	1343568.919	1306714.25	1341928.492
249.1449_0.84	411798.0352	390405.471	307789.2833	0	0	0	44475.40613	40387.17281	39328.76622
356.69_0.84	793882.7719	761797.5698	627001.1484	0	0	0	13604.58093	17747.88497	4819.685853
219.0715_0.89	148071.8595	111312.9778	30465.48736	13281.71529	16328.30296	7713.456536	26155.68298	29425.87293	17968.53092
323.1321_1	141637.0248	190187.1537	189747.7588	0	0	0	143377.0812	117418.7507	126156.593
120.0656_1	142776.5857	175762.8257	182021.2827	6758.673265	10284.78582	9396.828157	167319.7192	168166.658	176587.0389
286.1505_1.03	2219908.779	2524378.313	2453986.685	0	0	0	2253297.226	2182476.069	2237838.736
152.0566_1.04	483027.4113	605201.0805	557265.3454	320219.4795	367712.4615	264274.4131	668414.3179	653325.0948	704110.8495
112.0507_1.04	131270.1217	146636.2083	116300.6842	1070.707674	4922.866628	2298.373546	114671.8718	115749.6955	114252.1915
152.0375_1.04	18655.48938	24251.9187	19947.98307	66580.1996	78719.18088	61735.89587	44764.87354	49438.58821	43899.44319
343.1718_1.04	497333.0306	486646.3375	600132.0524	0	0	0	678907.9749	657711.1309	689042.3411
326.1815_1.12	275301.8671	260672.7581	581816.4283	0	0	0	410286.9275	377525.7318	390359.379
445.2034_1.15	1644533.651	1685057.809	2575003.638	0	0	0	2368418.096	2274125.519	2245098.539
259.1649_1.23	0	0	0	142509.3899	203061.9267	139664.2698	20102.82818	11143.64151	8646.600765
388.182_1.24	3727026.855	3760335.312	5215279.62	0	0	0	4585729.408	4589587.477	4692347.006
230.1132_1.28	154423.0236	193834.3799	186252.7913	4459.375094	5852.329623	862.1046198	143084.6043	134662.5827	145599.3216
246.1445_1.28	677924.074	655308.0998	931562.9782	1338.555514	1.13711795	0	604399.5543	593900.6166	643938.9197
521.2196_1.31	1556395.577	1508197.45	2751027.224	0	0	0	2009175.374	2192412.544	2147230.008
129.1023_1.37	200334.3765	152912.849	299745.419	11439.68336	12702.75214	6616.317716	222952.0393	243838.5031	243213.6323
288.2025_1.52	555973.3288	510951.1817	1543012.622	0	0	0	459608.3271	487893.4182	452688.6578
417.2085_1.61	8483.04365	1305.847747	30175.17645	936877.7243	761225.6461	611972.0767	34653.49456	40182.7743	32665.19974
491.2091_1.73	1084389.115	970067.6472	2278551.583	0	0	0	1305734.831	1287865.101	1393430.195
495.2654_1.76	2622145.962	2306788.645	6348954.774	0	0	0	2978249.045	2939018.958	3016527.768
137.0457_1.8	382890.1631	347832.5085	516510.134	289103.0052	200106.4215	137105.5031	524775.7884	525864.3166	533055.296
185.0919_1.8	908736.1247	871536.1196	1030820.787	105205.6956	95114.9218	84807.12635	973987.0818	958036.4588	1002885.177
227.1388_1.81	244771.9536	229745.4452	356376.1916	162338.5724	148186.5491	113853.7488	268285.8601	272115.265	310339.2139
287.0668_1.82	0	0	0	1197522.32	1281414.069	1148769.677	80035.56936	66941.77667	53672.0345
317.1815_1.84	4071165.454	3324967.244	6044926.078	161509.8118	160559.7594	135900.4006	3571212.493	3335110.675	3632605.376
499.2983_1.84	2676512.66	2262795.094	4541203.903	0	0	0	2860940.677	2765129.771	3044322.2
254.1608_1.86	42158006.67	39307321.98	45393716.93	101489.9625	91343.24074	72656.99605	36880357.29	35036287.72	37095238.64
530.2572_1.96	1354582.512	1494262.515	2406563.777	0	0	0	1433736.279	1395981.927	1322155.111
464.0808_2.15	0	0	0	3687475.172	5084433.97	3330384.503	934909.9314	876823.4716	1009262.798
342.1773_2.23	765930.3401	663799.2226	1557294.697	0	0	0	1226250.236	1164199.378	1209422.179
256.1764_2.24	2155414.238	1841475.237	3111789.415	82086.36666	86532.05709	84576.9071	1942791.972	1878818.552	1885864.124
440.2251_2.29	6667139.412	5881854.416	9089364.283	0	0	0	6488920.181	6308721.956	6496162.561
586.2824_2.37	2965507.644	2594687.614	4350872.513	0	0	0	3310240.187	3445058.631	3509404.532
272.16_2.38	324743.0096	320386.6319	512092.6851	0	0	0	276406.0072	248757.5544	287232.6532
286.1756_2.45	332352.7645	266283.0858	416149.6395	0	0	0	234160.7827	226509.8501	239506.4135
485.2349_2.49	18870899.93	16457656.11	25441177.75	0	0	0	16962131.98	17373035.75	17319707.24
412.7161_2.49	853166.2619	612259.8424	1651165.332	0	0	0	1191119.086	1345876.464	1219112.918
824.4255_2.49	1473662.239	1315943.299	2792778.592	0	0	0	2074707.804	2158578.943	2110329.502
515.2326_2.51	701260.466	581282.9182	924940.31	4569.198641	4132.661278	1784.485504	933747.5549	1025270.758	852060.5401
245.0952_2.53	307943.5514	169251.741	210886.7721	0	0	0	241444.5714	228372.2226	242163.8944
525.283_2.53	588607.5085	493572.9731	826398.386	0	0	0	698579.3577	675941.8765	738992.2901
612.3101_2.53	1782588.593	1467631.08	1877614.464	0	0	0	1861465.509	1871442.463	1947779.624
511.2507_2.56	4172275.066	3855426.77	5275781.498	4070.202712	0	0	4496054.816	4265760.036	4500117.069
610.2823_2.56	10877327.7	10191143.73	12386011.97	0	0	0	9215099.4	9238534.691	9341694.569
587.2841_2.57	4327920.068	3890479.696	5264037.637	0	0	81.22472812	4327606.161	4413069.504	4405888.433
517.7728_2.58	2233532.393	2379299.496	2655494.925	95.1261415	0	0	2214318.323	2409364.148	2257348.609
534.2593_2.58	2004988.456	1999149.798	2200600.914	0	0	0	1896143.46	1956839.457	1942077.132
578.2786_2.58	1559518.73	1245364.382	1762582.76	0	0	0	1424430.687	1538428.547	1388687.022
469.2406_2.59	1565824.769	1452399.989	1910594.016	0	0	0	1334042.204	1454034.212	1342383.546
483.7348_2.59	2181381.107	2287495.844	1918235.637	16605.51644	14183.10134	2806.003472	1903223.436	2225961.55	2043871.616
438.7376_2.62	919694.6924	1021620.299	859142.3148	0	0	0	885376.8948	972460.4005	883466.6044
506.1913_2.62	1918913.272	2251170.136	1755707.569	0	0	0	1773135.17	2048472.097	1916031.183
262.1758_2.63	0	0	1412.87935	205119.0576	167563.6113	176933.0306	478.069835	0	0
463.2454_2.63	2747485.955	2698066.181	2621213.139	0	0	0	2372911.038	2653116.129	2356255.63
639.3096_2.63	3182399.37	3318303.923	2825609.435	0	0	0	2872848.344	3096774.459	2861581.746
355.1608_2.64	654254.449	770540.2476	460944.9525	0	0	0	673802.5995	770274.4815	696464.5631
286.1758_2.65	710016.8115	705473.2453	734359.4472	1008.628164	0	0	635370.268	677016.1021	632059.2231
223.1076_2.67	343300.703	351057.1469	323654.7441	2.279796163	503.6810136	34.15617664	300004.0362	331178.4655	293038.2838
586.2821_2.67	2234899.387	2237081.552	2083995.552	0	0	0	1998667.511	2223226.987	2118604.805
276.1704_2.67	423062.7006	439545.9934	449129.9888	0	0	0	385605.1833	385864.1765	367189.0704
561.7613_2.67	5900203.975	6335309.835	4651624.097	0	0	0	5929383.799	6698209.798	5932505.375
204.0865_2.7	0	0	0	154930.1572	98247.52227	74598.42019	1123.094238	1244.849008	4055.804831
471.2558_2.71	15158591.15	14927164.37	16031410.1	0	0	0	13646744.98	14260645.29	13244004.68
553.2909_2.71	77902272.86	81191725.21	76137251.19	9628.124034	0	0	76755815.1	82114459.57	74239285.74
529.2617_2.74	2789868.318	2699430.204	2911058.377	0	0	0	2644319.288	2743832.332	2597402.244
542.2932_2.76	1899665.887	1755549.345	2004705.946	0	0	0	1586216.613	1762006.256	1682066.188
582.2521_2.76	1355107.546	1343645.319	792991.8379	0	0	0	1329143.188	1511615.288	1361864.861
304.1768_2.8	555864.2779	520194.5811	591755.6523	0	3687.108743	841.6074912	484547.0779	513050.2344	498162.2627
383.7192_2.8	5570785.966	5331505.083	6651021.62	0	0	0	5260563.779	5679534.031	5162392.032
478.2494_2.8	1399655.68	1323924.724	1548226.308	0	0	0	1399966.379	1438033.075	1311895.821
497.2716_2.81	6235084.918	6358735.908	7237224.142	0	0	0	5707076.501	6680603.946	5917015.245
274.1758_2.84	1955648.812	1883483.899	2180308.192	0	0	0	1791484.698	1865822.616	1736309.658
434.2067_2.87	324475.188	367148.1062	357380.5137	3.418017033	0	0	323106.8136	343314.9528	332358.4159
742.3731_2.87	3333795.627	3456635.194	3624676.959	0	0	0	3161685.561	3436270.397	2972505.231
195.1128_2.88	97707.38938	103089.3386	61873.74597	7487.978869	5298.674984	5980.922561	87534.00378	107544.5444	100942.501
428.2498_2.88	1224462.518	1272548.096	1414777.18	0	0	0	1148688.157	1179874.466	1046060.389
531.2775_2.9	4252848.319	4291682.869	4431913.497	0	0	0	4039241.609	4194922.659	3857602.939
439.745_2.91	1137229.281	1094904.366	1282294.946	0	0	0	1087455.01	1054739.152	1040204.843
298.0965_2.92	1489.572618	1518.884438	3242.521657	3380777.145	3358834.969	3048677.328	107225.5308	106232.5507	98642.91277
247.1286_2.95	954868.6066	1030082.482	947155.145	678909.724	583240.0187	488713.4803	1093900.133	1091281.523	1048224.021
584.2671_2.95	1173921.376	1117186.876	1123948.422	0	0	0	1269865.605	1126238.266	1056679.085
260.1238_2.95	510392.6357	482527.2982	524423.7352	833.3603176	2059.562969	489.6043065	484968.0487	463492.9855	462087.3123
237.1232_2.98	480968.9547	463468.7234	512074.3287	1916.926595	2891.571308	985.3566372	443831.0426	439094.6611	438815.9767
377.2025_2.98	395421.8328	340877.3397	467471.2637	496.7660112	300.6310234	142.2463724	374425.6916	346114.7512	354955.6134
229.1182_3.01	1093338.026	1141580.601	953687.3052	2158.792022	2867.143114	1179.795273	1167437.689	1153101.755	1127117.79
577.7842_3.01	10685609.63	11991560.09	10493071.22	0	0	0	11695325.25	11290087.99	10717040.15
454.2654_3.02	577910.2873	536714.404	658774.722	0	0	0	535050.7111	504121.8028	529921.4758
684.3675_3.05	626138.8484	570623.3136	698664.2985	0	0	0	556052.9544	624362.662	625705.6793
202.097_3.07	175978.5514	179815.7472	94751.43253	278987.8767	399176.7597	366085.4345	199427.7637	184035.9735	191454.6849
304.1499_3.07	770415.4831	794259.0581	768470.8689	25800.34317	27161.95862	9970.639372	796081.3136	801713.9153	784801.4227
610.3188_3.07	2432794.156	2434975.817	2670614.047	0	0	0	2437488.505	2281704.914	2185414.943
678.8374_3.07	1747364.475	2109699.079	1708800.475	0	0	0	1852241.836	2160115.037	1805881.176
759.8588_3.09	3502951.33	1944863.479	2756286.657	0	0	0	2919320.238	2974579.692	2763350.199
231.1701_3.11	3113973.722	2951272.448	3567293.272	578.8453238	655.8581839	0	2844446.742	2724290.222	2752647.376
357.1765_3.11	1144035.813	1145065.883	992756.6293	0	0	0	1103922.925	1156654	1106338.996
546.7694_3.13	1413304.082	1668688.141	1160696.147	0	0	0	1708427.633	1721094.141	1493540.727
575.2803_3.14	14677989.56	17179416.63	11894623.35	0	0	0	17183990.22	17137070.17	15806915.07
569.787_3.17	16493660.12	20052417.88	16851814.91	0	0	0	17654844.67	16876142.68	16591614.45
476.7365_3.18	912937.6201	1051612.138	949058.8566	0	0	0	998045.3783	968214.1755	943536.5172
532.7723_3.2	907652.844	1062627.412	743187.9248	0	0	0	972752.7906	945894.8963	920414.6889
659.3168_3.2	1069063.127	1177466.119	1062594.919	0	0	0	1004011.436	1088148.312	1109128.65
511.2873_3.21	2961116.508	3102979.817	3625682.454	0	0	0	2867443.144	2866673.412	2721521.957
464.2137_3.23	1437528.483	1604691.127	1436160.723	0	0	0	1512036.698	1506679.651	1397974.452
451.2402_3.24	1164854.156	1228180.194	1460914.533	0	0	0	1178185.324	1111042.333	1097190.516
478.2691_3.28	1620683.793	1654238.873	2158917.153	0	0	0	1564343.799	1546085.217	1574833.553
501.2303_3.28	1684260.748	1697628.137	1728118.568	0	0	0	1446485.728	1436613.493	1359811.938
383.1921_3.3	1302741.054	1368635.62	1081445.237	0	0	0	1385597.309	1325427.151	1323408.122
212.1181_3.32	134905.0464	128254.2252	101840.6414	7112.107565	32991.71823	0	102541.7816	95899.28123	104678.0868
197.1284_3.33	385137.5505	367083.3972	271869.6014	11572.95724	14108.33671	12247.92844	326334.3759	332347.5657	351844.4091
472.2758_3.33	367951.8092	421312.1787	565544.7676	0	0	0	353864.7757	375879.7566	355308.7651
404.1923_3.34	307948.8718	332970.1647	311447.7128	0	0	0	323042.8792	285398.9619	294567.3411
866.4732_3.34	782340.5453	643286.2724	633643.9714	0	0	0	723446.1895	687077.874	790764.5976
626.3505_3.37	8706537.093	8728429.867	11129494.71	0	856.5522973	0	8187256.642	7711166.872	8089728.481
612.3347_3.4	9363661.917	10042696.63	11095574.85	0	0	0	9102765.13	9043223.405	9120076.757
814.3932_3.41	1349595.266	1544600.259	1249242.878	0	0	0	1250885.198	1278579.708	1212800.111
449.7585_3.44	2116775.294	2222872.636	2766138.024	0	0	0	2073868.903	2067485.657	2061981.237
705.3199_3.47	10331283.09	10339010.13	9561733.284	0	0	0	9699953.794	9970475.98	10047241.98
616.366_3.48	1363395.532	1287489.572	1767135.192	0	0	0	1152313.814	1190651.792	1234527.214
541.297_3.49	611313.5958	614304.2969	752122.4792	0	0	0	496838.4507	516888.3367	593355.3033
401.1851_3.51	1546330.422	1661900.088	1760570.6	0	0	0	1490181.604	1430543.469	1495159.128
652.8325_3.51	1388514.222	1430232.389	1273760.296	0	0	0	1445673.548	1453644.253	1447522.149
798.3994_3.54	990744.9362	922175.5051	851542.5135	0	0	0	822639.2394	816214.6515	808833.2099
812.4143_3.55	811808.0272	711329.3856	736237.1596	0	0	0	581014.3092	592576.7311	569148.2281
328.2226_3.56	170563.7828	165610.8906	234916.8539	0	0	0	151807.5618	142747.4952	145267.7291
544.7956_3.6	327378.074	290138.2322	398257.4004	0	0	0	262735.2711	225581.1034	246629.5142
695.3349_3.6	2495929.336	2465421.949	2082081.066	0	0	0	2429137.838	2475997.741	2485186.936
160.1331_3.64	9702.988403	7699.369857	3250.980042	107667.9066	157060.2168	68519.00692	28344.05033	25974.67917	26852.92777
537.3028_3.64	1150188.754	1094066.594	1449901.256	0	0	0	987469.844	984251.4189	1039733.341
780.4243_3.66	10709100.26	9904578.471	12362753.5	0	0	0	9253630.206	9095140.527	9384185.816
463.2545_3.73	374788.7904	339240.096	459927.6267	0	0	0	311832.6982	275498.1643	328368.7406
468.2812_3.75	410050.8106	360580.8537	562668.4192	0	0	0	325706.7602	313484.8646	349565.8675
320.1238_3.78	443742.3204	415025.1011	383139.6233	0	0	0	439540.6478	401899.1867	414055.0357
360.2123_3.81	452033.7619	409959.7143	599846.239	2489.385208	2834.99201	0	363836.5608	369479.968	382289.1089
723.4026_3.81	2602393.89	2245543.162	3040826.26	1397.862096	3307.756103	0	2198570.979	2071609.03	2188193.195
261.123_3.84	308165.8609	261782.0802	277532.2409	714.8856311	2018.890445	627.4987393	204833.2779	216833.3902	229045.0488
385.3168_3.87	0	0	0	338705.9753	340970.9243	307673.9774	1483.065002	0	0
871.452_3.91	1963069.169	1659860.271	1800551.205	0	0	0	1552147.909	1588625.621	1463654.674
279.1697_3.92	73113.35621	54304.78484	97393.12586	0	1.087565096	0	46880.00898	38632.64075	42839.84147
490.2309_3.92	405015.4042	380961.8637	369066.0334	0	0	0	400019.3447	402337.6599	402942.3593
231.1126_3.99	175061.3126	150212.5637	164223.2454	23957.74334	23355.97228	22124.06639	154137.3597	139733.7713	146322.8843
947.4462_3.99	5331335.617	4415002.296	4265510.356	3547.766686	0	0	4875888.62	4485075.044	4859871.137
456.2812_4.05	643130.9334	550989.7534	856269.8293	0	0	0	544132.2092	503364.4922	548367.6997
527.2458_4.05	593179.6638	531542.2832	507867.0642	0	0	0	565287.4321	536442.8391	604166.1508
510.2551_4.06	489809.6496	443162.2548	469008.0582	0	0	0	418470.7221	388917.8038	465435.9568
182.1287_4.11	687825.1729	634265.2456	622386.157	58713.30509	60947.88539	53062.8583	528081.3718	525641.9621	541838.3193
279.1698_4.11	267941.3728	230637.6659	365970.925	0	0	25.37113588	211349.0718	206719.4031	221792.5434
550.2502_4.13	1147994.837	1030953.419	1093782.129	0	0	0	1073780.017	1006460.819	1132860.114
571.3085_4.14	4676798.621	4221563.595	6174253.594	0	0	0	4292711.062	3991751.09	4252620.107
657.3562_4.17	1633634.697	1434600.092	2172062.341	0	0	0	1516179.725	1352243.747	1453219.349
663.3459_4.21	1659674.404	1534129.84	1502591.838	0	0	0	1611882.982	1554592.999	1693659.821
553.3337_4.28	271743.5142	259246.3573	444161.6713	0	0	0	219467.1706	219817.2767	242016.2634
211.1439_4.29	544209.061	485319.0716	478224.4883	28331.09638	25258.64136	23050.29329	383713.2139	388900.686	388841.7236
569.3288_4.29	394415.4914	353323.0005	616327.4544	0	0	0	269672.8344	257475.4282	311279.4685
209.0919_4.31	90602.16483	86627.28122	94814.67605	1238.927146	0	870.660435	81068.52585	78835.57759	83437.99071
772.4196_4.32	4160687.432	3796895.115	5450690.119	0	0	0	3467392.898	3366051.67	3576799.102
240.1227_4.35	114270.2816	109486.0333	167521.9472	6271.901465	2902.449589	9908.08646	106565.1026	102587.3245	107829.494
342.2381_4.41	111867.0992	92906.79112	162476.2738	0	0	0	80963.23176	75720.65691	88523.9248
561.23_4.41	808009.7014	743358.4869	780662.5344	0	0	0	668885.4518	753818.0191	736543.5613
562.2892_4.43	209542.3324	213932.8718	307261.1867	0	0	0	146780.0092	156386.7144	186302.7465
277.1179_4.43	1107356.143	1041328.239	1129487.903	0	0	0	994868.3269	1017252.496	1021434.53
757.391_4.46	3246745.507	3257456.795	4255136.926	0	0	0	2880774.927	3018890.906	2955741.053
592.3534_4.47	1357880.528	1418348.009	702338.1389	2862701.478	2777284.246	2839118.755	1669348.534	1746668.077	1747774.13
484.3852_4.48	3992.596658	24811.79843	0	1279958.641	1276344.029	1245174.908	51311.86754	62242.08392	65535.18745
488.2697_4.49	2036110.872	2134459.87	1317741.67	3408775.721	3390630.406	3339107.982	2483461.268	2417232.068	2329365.359
700.2789_4.57	348072.3599	408535.3019	383215.4771	0	0	0	329943.8938	359050.7445	331942.7142
657.251_4.64	2972811.24	2783325.583	3746365.384	0	0	0	2518249.082	2573984.395	2568846.481
302.1674_4.65	138922.6838	150668.6909	112320.2694	453879.9932	478002.3387	476064.7629	168101.659	180553.3117	178921.6539
553.3335_4.67	227408.1902	215896.4218	371050.9256	0	172.564195	0	165201.1622	173980.7735	174609.9263
342.2382_4.68	79552.58232	64751.00471	106508.266	0	0	0	58249.87149	58507.98928	60751.07633
336.1911_4.73	104477.0113	100112.4827	151253.1356	48.0267076	56.68148639	56.82185713	79484.20828	74431.64223	74568.65376
265.0968_4.78	680646.9907	647245.8426	347681.4202	99610.15963	133786.5191	53457.51351	497976.1371	508103.3448	499188.6753
334.2219_4.78	46000.94986	62255.30872	26946.42136	79307.71686	70941.78907	70570.20711	64713.74103	72802.52314	65588.02191
564.3021_4.78	270970.2973	244525.2905	413644.5416	0	0	0	211558.8862	237798.3701	189060.186
394.1967_4.87	103534.7478	90071.5512	157710.728	0	0	0	91789.4527	77565.60693	88948.40436
566.4271_4.9	673086.5616	809573.0486	212119.0422	2327608.263	2123193.94	2142930.31	992533.2942	1004725.243	1015422.654
289.1542_4.97	50814.71395	49676.40981	70407.38128	0	0	0	39219.84462	34945.3173	38052.84234
639.2403_5.01	2851592.813	2726537.691	3694147.134	0	0	0	2316497.2	2385208.824	2320064.745
475.2912_5.01	53273.4139	57228.63245	86416.66227	0	0	0	40622.24933	41243.05356	35476.01149
587.3183_5.08	1381607.588	1281073.182	1933003.417	0	0	0	1082973.131	1127298.67	1092655.663
392.1808_5.08	75146.15464	85702.0989	92279.4156	0	0	0	68419.23845	69494.35942	74544.34187
439.2545_5.22	546622.4245	493135.8144	749647.9318	0	0	0	421453.3229	434275.1524	438242.7227
225.1382_5.29	242125.9338	216306.223	169627.853	9562.836525	4746.980684	5126.548431	191391.202	182784.0401	190631.5803
269.128_5.47	146722.6516	145243.3046	179127.063	0	37.70375586	141.1524001	117921.4447	112255.1439	115542.8252
463.2179_5.48	92864.85269	71447.5435	131289.1981	0	0	0	66985.47735	74280.83101	80240.00695
279.1697_5.5	231210.1478	184059.4941	393509.9973	35069.30413	31000.48935	38019.04902	146365.4122	165354.6658	163048.9101
609.3959_5.52	63618.97799	65077.18778	114891.8107	0	0	0	43237.96319	44151.84031	61319.18677
577.2612_5.54	331891.0237	302361.9647	502804.9858	0	0	0	231413.894	203490.5334	228600.3454
306.2634_5.62	11266.23	0	0	194990.4564	14760.19719	14400.10967	35537.69466	36813.90705	33870.66081
582.2187_5.65	524015.5305	465167.8263	768937.7215	0	0	0	400922.9638	409067.6408	409278.7687
171.149_5.73	420796.0072	436651.9851	186851.6551	641546.0753	725105.1269	669990.8612	553144.1758	538649.2959	527465.0961
520.2761_5.73	69234.03464	60803.31546	139771.7481	0	0	0	49600.37543	45065.0383	42467.59003
342.2017_5.77	87755.97207	79868.15065	114857.3024	0	0	0	72809.13166	69660.14818	60709.6268
644.4119_5.81	135355.7181	133983.657	222344.6659	0	3300.258212	0	90501.43803	75332.43638	98380.81647
331.2162_5.81	117989.2224	122842.5408	77974.63133	192482.1961	224341.4483	198250.2267	157998.6646	157700.6197	158362.6304
564.2082_5.86	182308.3506	159781.126	249646.3926	0	0	0	133508.5941	109439.0343	133940.2428
292.1803_5.89	2308.669738	572618.9744	20265.69272	9159.077555	9486.188611	8626.118704	96869.25069	103814.7339	111992.8567
268.2055_5.9	93400.40086	81948.53239	21225.17221	79.74143654	0	0	42962.34819	47975.24314	37480.51163
345.2376_5.94	1392541.227	1494611.285	619866.244	356023.7839	400756.1971	371809.3568	1014932.615	979285.0724	937605.4036
551.282_5.95	136420.5485	104814.1386	176834.4741	0	0	0	59587.56213	48993.57475	61424.6068
316.2054_5.96	249592.0684	213930.6759	60280.0758	18039.579	23537.43698	15421.11685	140724.6891	136765.3061	122476.4748
282.2211_5.97	238921.1051	195011.8139	39771.78943	0	0	0	103085.0114	117029.8114	101208.5966
366.1078_6.01	78298.82321	70760.7882	188284.9469	0	0	0	44051.98223	45991.30313	40162.97459
195.149_6.05	23726.0911	16388.48961	23354.94583	0	0	0	7939.129486	6226.141237	4142.707334
450.3765_6.08	45528.44757	29674.16487	14252.73081	667157.1329	200348.0722	255732.6456	154076.6978	133228.2683	227817.0561
402.2844_6.1	624950.7022	635236.5721	500780.6505	915506.8942	827487.037	823651.1921	938374.2264	685214.9248	712416.0895
230.2475_6.12	1437601.132	1372878.915	715343.4382	3191915.504	2820269.275	3672191.368	4419959.393	3504239.955	3124503.924
288.2891_6.12	6771809.251	1246618.87	429907.8829	3152239.382	1605883.93	2309198.398	5079761.008	4243668.921	3711009.538
279.0928_6.17	301114.5123	322872.5922	194925.1441	353348.3725	361847.9865	357467.3839	354025.0688	330359.8384	332943.9137
346.3309_6.17	565425.1599	391089.852	4998.346217	6895849.951	3094548.227	6264033.565	3936709.398	3424383.969	3085403.591
267.1222_6.18	0	0	0	701082.518	817707.3659	566615.1895	479332.0035	353000.0727	267944.9135
121.0648_6.19	2184.283478	677.1883711	563.3119704	267684.1438	301196.8122	226071.7797	178589.0753	138169.8084	115721.9252
432.2374_6.19	908840.4628	0	31.98076727	44498822.21	54461156.21	35668365.47	24278920.76	35550343.28	42139984.85
330.336_6.22	1511324.61	976787.3018	142310.1065	5208706.136	4881286.447	7813157.643	5464803.786	4503059.839	3838932.44
374.3622_6.22	214164.7128	171853.6577	2772.935481	2333362.335	1133070.05	1979104.888	1374632.657	1129517.159	1129531.82
425.3422_6.25	176454.4222	213753.7321	9015.494384	14010.63649	37649.64058	67468.93137	81684.32634	83106.10149	97152.00517
119.0856_6.25	83984.60242	0	0	1355376.195	1251598.734	958106.3377	758964.6335	644797.1516	631778.2712
281.1379_6.25	12839.9615	0	0	675740.6511	657060.3468	443640.5977	393710.6973	255088.9742	276633.5978
488.2995_6.25	300734.9733	38352.40274	247430.7206	778295.9497	1550293.553	1001080.5	221850.97	2194362.077	4349446.094
446.253_6.26	1144916.56	10161.19169	4345.730195	28985246.61	27033027.6	22398130.38	18659266.03	12718988.81	10006184.8
474.2844_6.26	459208.7791	0	1709.392251	12284498.54	11011063.65	8549760.091	7138101.796	4819436.985	4019751.005
355.3676_6.3	0	0	0	0	103055.1448	166293.7137	42224.20313	13302.13325	33493.27399
225.1455_6.35	76927.92499	52151.90153	48371.31046	90608.25194	91511.77368	81182.17603	94816.73131	82764.02804	79745.04329
261.2209_6.46	0	0	0	249434.3354	185075.2445	152026.512	115030.5686	90946.81847	74110.59305
425.2138_6.46	1858105.597	1781205.13	1633965.041	2976848.809	2592555.922	2715305.042	2370375.458	2121486.953	1658415.742
590.4255_6.49	1327115.091	1297948.948	916814.5354	1601265.361	1545868.732	1707515.783	2158072.425	2417233.944	2411571.385
445.3127_6.5	1157938.528	1050723.559	726120.941	1135282.345	1134870.203	1223073.014	1133579.117	1246801.353	1133899.824
530.3471_6.54	94375069.79	72107810.76	5345433.765	11187476.22	30593664.87	34305395.34	42114010.29	67877548.23	79050479.58
682.3624_6.56	0	0	0	1397724.88	1876889.697	3042100.644	669692.6096	1850920.356	2287130.192
358.3674_6.69	247250.6633	174928.3058	44064.30417	87424.06353	150548.5958	261718.0417	252381.0508	151943.5514	96763.58229
382.2033_6.79	0	0	0	860863.6429	797494.2668	82067.88243	1143916.349	35348.07816	0
493.2249_6.83	6159.954248	0	0	429563.4373	433735.9498	341971.0045	271362.4349	206533.7689	243791.0685
621.3097_6.88	0	0	0	447503.639	486895.5595	1063063.641	222150.3496	310985.4205	229215.0612
758.2206_7.02	0	6069178.301	0	0	3007990.347	0	4047017.429	0	0
400.217_7.23	7458690.278	8229580.483	5416020.432	7182332.239	8272650.874	8141003.148	8556673.561	8761894.265	8442237.601
142.1225_7.29	5741258.64	6236985.761	4098868.34	5880362.999	6250640.179	6081743.462	6427377.166	6313044.463	6206071.195
610.1833_7.31	0	0	0	9042.637793	0	7365.55183	13329934.28	11456455.7	10741197.64
139.1116_7.37	153752.1133	151780.3309	108384.9015	173031.835	228620.6979	215244.9652	253134.9708	210443.4109	218172.9402
659.5208_7.42	126110.3629	113382.0968	54781.59881	235354.2427	349385.4489	571114.0794	295200.0276	253695.4586	239892.3152
444.2432_7.49	11704083.2	12676827.6	8400835.398	11579800.87	13205794.93	13098390.43	13652388.97	13819390.72	13598887.96
148.0966_7.51	47286.07685	71019.13953	66319.75893	38193.3656	54340.80415	53694.47647	49208.34546	61360.37236	77291.27157
106.0864_7.59	241753.0746	258605.7569	188501.6492	240894.274	269223.6273	238498.3905	281023.8367	278226.3383	290107.2212
157.097_7.59	374479.5617	397266.2405	276890.7272	327847.3438	412774.33	406550.8853	337957.2892	405192.791	447944.2114
109.0762_7.8	228379.3285	265312.7762	183383.0379	158209.5976	222333.3709	253844.8823	176472.9016	239875.8613	321488.6419
144.0806_7.81	301853.0922	317141.0173	198818.1819	229712.7252	300099.296	357311.4146	247245.5218	333838.9125	358072.9874
134.0599_7.8	32464.57347	31098.74807	20752.90522	26812.52234	30462.6316	38548.35116	39291.54601	34648.86929	44952.06543
106.0653_7.8	316596.5876	339795.9442	226356.2268	231014.439	320261.1298	381613.8497	251657.7508	362362.9976	410827.5296
120.0445_7.8	489649.0963	528349.1513	324302.0207	588115.7534	586884.9369	577509.9963	592422.1942	590062.9329	542861.319
94.0655_7.78	21580074.56	22486890.13	15526730.59	16595150.77	20792208.95	24917677.54	16136207.53	24435876.87	27033095.2
274.2735_7.74	37599.33989	27335.73752	27760.2363	67397.2143	84288.48044	66460.53559	136509.3849	76914.59431	85159.65206
122.0965_7.71	509866.2106	533093.1255	396047.3611	289236.2765	463899.1062	584943.154	347962.7363	523531.33	675186.8819
190.1072_7.67	1161815.227	1138220.617	896178.5191	1171629.953	1343328.301	1065538.395	1415310.426	1268085.677	1316925.748
192.1381_7.59	183123.4002	191279.428	124181.7836	209750.1883	213160.3537	214146.8707	230507.713	215846.7784	208099.8366
125.0709_7.59	153276.4664	161875.0945	117795.3786	140736.5287	156506.0603	156127.051	144389.4503	169483.0033	189635.2129
113.0711_7.56	137237.4854	152352.5117	107771.3957	122421.8253	141457.8275	136745.6777	150852.6998	158099.0327	158691.3575
150.1123_7.5	8496590.533	9211365.796	6753717.321	7812905.139	8976448.375	8228291.509	9451513.208	9478361.649	10304702.28
875.7301_7.41	8354496.424	9629204.049	6174318.904	10467840.79	13976035.65	13475210.93	15249376.51	12734744.9	12489579.76
245.1743_7.39	30283.40911	34881.87951	21986.16996	10519.34253	33651.81487	42209.03463	40337.94619	28780.9707	37390.1754
116.1435_7.29	24722548.98	26774991	17382588.76	25080081.87	26590572.39	25846528.61	27411001.8	26860609.42	26443956.77
102.128_7.29	211570346.1	226325383.7	146185234.1	217668207.7	233364444.8	226915568.6	232320968	239958858.1	237206597.1
663.4525_7.17	258243.0912	1113709.212	697040.0729	226209.2521	316660.5337	1178723.106	123880.2764	208539.4728	156464.3139
641.5105_7.06	575045.9212	361903.9058	235744.3213	2368986.841	2743645.539	2977174.172	2000032.046	2224094.315	2519166.99
177.0881_6.75	919226.0409	929814.2079	620146.5176	794495.1071	806457.7785	888572.8774	895626.2429	954664.2411	922110.0509
584.4726_6.69	100057.4333	201794.7186	65593.63101	1413922.35	81863.58716	88579.04064	225727.2315	224380.004	236977.3104
330.336_6.69	224979.6577	160159.1696	17351.20705	787060.4875	521768.915	1033990.105	695050.8442	439250.6023	445282.9269
280.263_6.69	0	0	0	532509.9896	382086.7359	275904.1083	231705.4352	182767.6348	189782.8038
512.4152_6.57	191373.8387	216608.9431	80088.41742	4470586.953	205170.0999	252733.1548	427863.0281	506429.9933	476885.3255
214.1337_6.57	149184.0241	122431.6038	192270.5352	0	0	0	74692.51227	63390.26329	46104.11014
600.4674_6.56	121365.5959	107647.8577	64096.3755	5284677.895	124762.0773	138970.4347	320514.374	423611.3388	370706.4381
556.4413_6.56	116665.4714	204157.2747	93020.60076	4990520.944	181905.0592	242518.6061	397920.9708	419270.0657	485095.1644
668.3468_6.55	0	0	0	2403592.847	1719748.203	3061802.574	626872.8701	1065083.565	906723.9713
528.3315_6.54	5039337.03	4179762.138	102316.4018	1788024.23	2802673.793	3036727.564	5840227.21	4754237.443	3814027.345
337.2003_6.54	604463.8813	400132.7862	2419.512083	211251.0819	327920.9486	400792.9532	615085.2385	601041.5258	479830.9831
149.0959_6.54	227882.6169	157722.6527	7323.370324	88010.86807	125274.3909	147900.9496	199579.2051	232116.3993	203699.8915
544.3628_6.53	18036237.76	13953731.7	543367.9041	4952931.94	6516941.206	8890850.397	13640707.3	12415086.17	9037549.551
507.2712_6.52	42461346.37	34910664.79	2364959.954	26437119.98	40166472.76	51311377.5	59311409.14	73630164.28	70205337.58
133.101_6.52	308639.3492	230590.4172	2331.380273	122940.6188	168390.2112	217687.1641	289283.7112	300349.8047	274610.0864
634.4516_6.46	2340053.197	2264491.423	1414544.488	2428072.387	2284456.695	2421374.197	3197917.894	3575868.774	3670040.953
355.2446_6.35	231289.4655	250664.4647	155224.1992	276843.9219	248619.2224	285014.2869	284663.5797	225160.695	249098.8234
336.2502_6.32	3306.450311	0	4564.382362	752782.3491	395982.1664	306938.0138	400495.0266	316258.1922	324547.7411
359.2874_6.31	1954906.076	1855853.573	921861.6788	1085970.93	1241444.297	1349569.332	1438376.688	1491627.535	1555373.01
460.2687_6.26	4781605.755	363781.6874	443868.4665	27810103.31	37601238.25	25361077.39	13242569.34	28247601.32	38413055.1
225.1958_6.26	356160.9662	362212.1346	243896.5896	506293.7418	504217.6716	492532.199	518134.2515	390858.2036	385440.2114
327.3364_6.25	0	0	0	98129.24579	1002504.946	732367.6486	302645.3535	245665.3983	248807.4398
84.0812_6.25	15206970.74	15634644.87	10118538.97	17473933.57	17623205.33	18315951.38	16517562.74	17618152.83	18139512.3
332.3151_6.22	167616.7073	6445.410557	0	9666.610557	4761.51479	0	50862.90167	26121.95714	25878.13472
316.3204_6.19	3651340.92	502075.0869	75115.84018	1085919.183	654641.4215	887521.0437	2311214.798	1845540.817	1677029.315
105.0701_6.19	4118.098065	1698.472833	5909.538118	866793.8322	959224.3485	720881.7171	556903.0621	446608.5047	392052.482
412.2837_6.18	196620.8288	168483.6994	413486.5182	0	0	0	105425.9033	84684.12046	62952.13988
418.2217_6.18	0	0	0	20724244.6	21776981.14	18970356.93	14748623.59	10023396.27	7053690.866
419.2605_6.17	2211156.316	2227650.24	1571339.679	2684070.687	2699581.541	2672287.395	2810735.014	2546203.422	2553946.547
283.1508_6.17	1385209.953	1409019.606	952266.7695	1491978.445	1644632.615	1615421.121	1679056.334	1660901.752	1561560.937
402.3207_6.15	301078.8887	272378.9253	300527.4591	157044.0166	133086.7047	160761.1748	340733.1296	226933.4005	194449.5846
286.3099_6.14	90314.98047	91409.1548	24318.18593	129036.5777	87409.98784	116791.2496	236290.7294	221432.9455	223596.8393
290.2683_6.12	177780.2368	94560.66754	39019.63305	2112087.822	524207.9175	932280.2663	1034583.342	826646.4262	742587.3392
334.2944_6.1	12694.74645	0	0	601559.815	104654.0584	111640.5512	155268.6846	129527.6273	148487.4511
253.1906_6.05	34780.45174	19991.20668	73364.5148	0	0	0	13178.41176	7557.084791	9106.99485
150.1123_6.05	2850298.278	2664355.914	1583180.917	3632797.446	3714621.89	3519518.757	3990229.371	3224947.095	2886778.841
329.2541_6.02	53381.54006	34511.90802	63774.69016	0	0	0	26522.49964	29072.40467	16872.01621
246.2424_6.02	267876.9264	133094.9223	13660.03471	2449939.975	1350189.759	1241095.833	1147743.26	1050655.205	977192.9361
134.0712_6.01	102698.9226	113759.1311	47231.78178	118838.3105	134480.1542	130987.8805	129575.7183	127943.199	128571.3896
373.1499_5.98	77925.76464	59067.09236	158081.4395	0	0	0	44175.1497	43698.12232	35868.29491
269.1855_5.96	19274.46282	19156.29304	39670.78851	0	0	0	10592.59074	10150.59432	13849.32238
584.3071_5.91	81073.45656	63408.19697	142767.1175	0	0	0	31927.44568	33344.17155	35807.95002
318.1848_5.9	89889.37497	82393.21418	37661.33579	9172.959762	10180.76988	4101.553046	40465.69122	38004.93672	46808.7156
376.1864_5.83	232932.3855	200948.1153	307744.5001	1496.733689	2487.541735	2553.456383	170660.8336	159870.0859	168475.3671
359.1343_5.82	30802.91455	26146.25033	54798.83022	0	0	0	21011.16876	17140.83032	16423.36128
639.2401_5.76	523521.5023	449039.8295	786839.2378	0	0	0	368377.2581	389947.6853	372180.0646
889.4799_5.74	184851.2319	109814.958	343244.6062	0	0	0	101432.2886	91131.73699	114243.0418
202.1435_5.62	18170.98472	21370.65349	13034.66258	76019.37076	79548.72528	84320.84157	56511.12034	52871.31049	58406.99229
569.2923_5.6	933698.4243	842173.154	1396457.625	0	0	0	733328.4451	715008.0323	761828.0324
262.2373_5.56	53336.82909	22478.54029	0	659667.8479	105180.1197	126551.9652	151313.9217	161405.5789	152281.8885
455.3222_5.45	61484.74884	42218.13558	112605.1712	0	0	0	34323.61124	30818.92427	32200.33151
183.0779_5.44	1339.070097	1433.240198	0	3060.833517	409.9013921	848.5937718	13981.62313	76198.46958	260776.9664
582.2189_5.43	178447.6277	191848.1862	279408.1665	0	0	0	108652.9365	125846.6538	131668.9888
830.4399_5.4	342958.1224	336842.4202	664777.4808	0	0	0	204913.628	208000.9949	241176.5202
241.2033_5.37	0	1167.291063	0	0	0	341885.803	40077.59044	35545.29756	41281.66336
725.3469_5.31	257408.3524	279108.3858	440065.8348	0	0	0	192741.2983	172059.8135	179212.3736
788.4292_5.29	253491.7746	307254.6616	486164.9241	0	0	0	184870.9168	208233.3293	176370.1857
333.2012_5.29	119541.1585	142914.372	64451.72328	31870.2845	37522.17912	31795.27259	94473.95651	93298.39522	88438.3876
539.2827_5.28	169497.4606	169090.259	265826.0463	0	0	0	135197.319	134262.3426	113168.7538
227.154_5.24	188643.6737	173640.9197	123659.2655	15148.91746	14444.78366	11774.53751	133313.3059	132925.3709	130280.3553
447.2596_5.22	69867.71698	69597.16587	119613.2507	0	0	0	47234.77692	46649.68043	58446.87139
711.3668_5.1	431807.8278	407068.4994	561430.0772	0	0	0	321333.9353	355270.0551	357342.65
238.1071_5.04	23065.6621	25694.7317	44928.47312	2849.028357	5454.020731	4131.023354	20990.48346	17756.77421	17586.52688
459.2232_4.99	134941.7961	122484.113	166377.8018	0	0	0	102083.5451	108996.2483	96542.42342
530.2981_4.97	222812.3299	208339.6005	331653.0382	65.07436251	0	0	173062.2488	161583.1168	181653.4437
284.139_4.97	103921.3073	95206.68442	96141.27266	0	0.018741704	0	79530.14018	77265.44159	73805.0789
543.2194_4.95	318317.8026	308064.036	302929.3512	0	0	0	215878.9415	233944.4963	226297.9516
236.1642_4.94	257498.3528	235546.6533	305655.3202	0	483.2418832	1788.808739	187150.3096	192734.6636	191231.0748
575.7956_4.91	534950.254	499010.9962	803094.4137	2397.969172	3368.64751	2136.362051	415283.5111	387470.6742	431070.2724
558.329_4.9	297216.3937	250944.4602	431358.3427	0	0	0	213151.8523	241427.6665	212628.107
553.3336_4.87	993176.0091	902196.7767	1444336.782	6757.607549	0	0	735632.944	781046.3294	759006.2571
230.1385_4.86	46846.94533	38099.93805	51547.09649	14346.79633	16316.76921	12884.50113	37604.98336	39452.98526	35118.32153
204.1229_4.85	15981.71227	15823.07466	29085.4902	4936.638263	7915.363214	7926.651589	15077.70772	16627.44759	11587.21259
480.2444_4.83	331042.8437	307901.5526	447353.3077	0	0	0	261031.0719	246990.3556	274312.6245
439.2909_4.82	1419524.715	1337016.232	2119130.229	0	0	0	1136851.819	1158787.091	1132117.845
712.4237_4.79	237109.6614	160670.5204	395926.3969	0	0	0	204745.6191	191982.0116	167214.7373
509.2355_4.79	212741.1354	211620.46	224831.819	0	0	0	147255.7228	164950.242	141165.3343
576.3221_4.75	1009844.935	1051709.434	501213.0911	1994542.805	1687458.033	1785644.259	1196257.512	1185107.096	1171238.232
950.5292_4.68	619086.9191	554625.8084	774368.3974	5586.068783	0	0	520202.004	527388.0421	508399.1802
456.2811_4.68	167466.8753	159912.875	255461.0963	0	0	0	129188.0145	139795.5647	134060.5297
182.0268_4.68	47448.50076	42432.08555	25267.97734	0	0	0	32768.15816	30762.82724	31673.4157
553.2981_4.65	527905.9348	497622.3435	625671.9273	0	977.4643071	0	426893.5609	433067.7561	458706.2291
573.3029_4.64	280501.1909	258620.4816	390589.9228	0	0	0	192687.0226	221979.457	223401.9251
316.1288_4.64	278231.325	252103.5197	281564.989	0	0	0	236055.2501	239962.719	253632.3733
772.3938_4.6	714445.2176	674258.7183	911885.9294	0	0	0	580234.541	578483.9315	588201.2188
419.2285_4.57	153319.7568	150963.9542	218817.0136	0	0	0	142495.4915	145188.3577	136233.0357
569.3289_4.56	243465.1852	223231.5096	397870.1562	0	0	0	199496.1784	200597.3069	209873.262
917.4355_4.54	825778.1015	755265.0882	926771.133	0	35.73417974	0	691946.0442	601611.61	687458.606
557.3289_4.53	271105.4219	247283.7523	386542.5118	0	0	0	216354.2245	199714.9541	210221.2954
360.2123_4.5	420738.214	393665.4763	622550.1657	2328.216202	2236.606918	0	324243.5245	353414.7031	334605.5527
109.1014_4.5	94386.52792	98280.15891	44140.86407	587786.724	551757.8792	331788.5713	221378.7765	231554.2169	224700.1774
254.059_4.48	115252.8784	89970.76848	11991.15609	11881.64972	0	0	49293.6262	46496.85111	43614.54495
219.1701_4.46	0	0	0	127055.8536	193121.7231	54920.85561	0	561.9962545	671.3327027
723.3302_4.44	455984.9907	404452.6955	615939.971	0	0	0	363462.2439	376642.5372	407382.0574
543.3131_4.43	1880450.68	1699848.614	2571861.469	0	0	0	1508035.273	1587908.93	1607644.063
493.2286_4.39	636937.3463	624744.6521	630830.5227	4273.557836	2102.851673	0	582614.4213	606251.9435	611683.5033
482.2968_4.36	2771113.466	2523265.294	3894472.296	426.7489975	533.2417955	142.4970553	2322296.526	2340482.897	2354940.496
835.4659_4.36	1083029.769	984895.8389	1373430.034	0	0	0	917419.1895	910066.4664	919468.9344
634.3189_4.32	169962.1572	154825.4705	198905.274	0	0	0	122750.6695	123249.4375	129688.3329
444.2433_4.32	1356666.31	1407452.854	654343.889	2688997.669	2734960.617	2392223.925	1692558.871	1622862.56	1725826.927
724.3431_4.31	466658.1069	417574.7837	359395.5693	0	0	0	453733.1571	447686.8236	447921.4664
584.3396_4.24	143935.601	122301.2147	239187.3766	0	0	0	108577.7741	80883.95006	104223.5799
419.2285_4.24	443309.1352	387472.1835	596094.224	0	0	0	361313.6261	339335.5178	348409.9685
846.4201_4.14	16145270.09	15522351.32	16862214.99	0	0	0	17045345.71	15289982.54	16856516.11
564.3585_4.11	861688.6777	902482.6209	466589.7343	2160814.833	1842727.751	1741534.339	1148734.276	1075169.685	1275043.957
913.4385_4.1	3280043.766	2927862.415	3039950.168	0	0	0	3565859.589	2980239.961	3537572.311
488.7492_4.06	748195.8126	765089.0545	1023570.776	0	0	0	750134.4566	688628.4647	773473.9722
460.2747_4.05	1638426.61	1623619.886	865739.2684	2957141.424	3033561.824	2764047.22	2079717.889	1876361.914	2033418.709
652.4022_4.03	1476230.6	1302155.083	1963124.303	0	0	0	1315130.588	1163823.399	1368849.075
364.1893_4.03	148652.5836	142369.917	189676.2002	0	0	0	132383.7269	123400.3912	122489.7138
683.3318_3.97	3649032.573	3551124.408	3622347.312	0	0	0	3234652.695	3208032.631	3413718.372
821.4511_3.94	2803264.362	2437706.192	3211344.197	0	0	0	2437822.601	2211668.077	2440337.445
288.155_3.92	150665.9607	132993.5663	184492.4295	0	0	0	116926.5652	122752.0805	125313.8009
671.3432_3.91	2931774.877	2492966.91	2247926.743	0	0	0	2617161.112	2483312.63	2577712.784
330.2382_3.88	318645.7613	276838.9943	427813.3634	0	0	0	245545.0133	238492.0013	261626.9047
241.0736_3.88	807445.7958	884238.388	375812.8761	0	0	0	449165.7494	434491.6744	474375.0734
600.3347_3.87	1848173.879	1519536.857	2081072.339	0	0	0	1495417.549	1531441.639	1556514.028
239.1388_3.87	134676.4216	119947.106	142578.3426	5170.614246	6014.616432	3530.527345	97678.37582	95285.73173	107007.4109
214.0628_3.85	46530.03345	49556.11193	9914.602201	70448.89564	88299.00675	83324.51231	47616.80554	40234.18419	46599.78193
245.1857_3.85	2137786.289	1862318.653	2697111.979	1253.328215	0	0	1662296.293	1641653.878	1711055.456
482.2968_3.84	3248890.661	2769299.874	4145398.801	1509.628636	3215.781467	3707.346817	2533253.955	2498060.887	2608838.987
476.3061_3.83	1362954.114	1409910.969	668395.6997	3438157.307	3105812.433	2773384.885	1740836.879	1713939.808	1859416.811
628.3302_3.82	818192.6163	682185.5556	941021.1542	0	0	0	645621.5052	579055.246	626996.7146
229.0969_3.81	684842.4363	559757.3166	636991.963	30054.0553	39976.90137	32163.3072	548976.8071	541993.0282	581203.788
328.2226_3.78	224068.1729	200587.4914	307064.4255	0	0	0	178950.0392	167824.0661	175044.7211
569.2927_3.75	800182.9784	772721.8609	806427.6094	0	0	0	740816.6467	720475.4817	753861.0614
596.3396_3.72	16248987.57	15089194.43	20771759.79	0	0	0	13942273.61	13653832.9	14604291.57
519.2563_3.7	300297.319	289542.3636	382757.1323	0	0	0	297034.1491	274675.6618	259347.2768
653.3598_3.68	211767.5172	185739.822	236096.1592	0	0	0	141291.529	159948.4902	156255.0752
807.4357_3.66	2987134.711	2806967.887	3530847.279	0	0	0	2621424.125	2452638.405	2499398.188
245.1858_3.64	1894591.145	1774313.115	2400194.815	0	0	0	1552957.337	1504740.674	1551368.06
754.4085_3.59	2804437.504	2729766.273	3333085.563	0	0	0	2357599.423	2468891.864	2424594.49
553.8018_3.59	2279370.673	2284475.016	2478752.858	0	0	0	2241755.998	2201133.194	2231847.099
551.3184_3.59	239123.9199	213928.6149	322482.578	0	0	0	207702.1277	180758.8266	210193.5045
552.2786_3.56	669767.2606	629145.1692	664935.7065	0	0	0	697459.5315	677458.4023	696283.5032
723.4031_3.55	2424395.298	2155045.993	2628180.268	0	0	0	1866682.769	2019670.153	1944683.525
634.2831_3.55	1743732.692	1679236.731	1707482.937	0	0	0	1588417.52	1524960.082	1517092.349
472.276_3.55	297409.065	273339.7433	381724.3445	0	0	0	278073.3756	236904.1882	252660.6898
416.2134_3.55	348618.8068	314221.9918	398144.3372	0	0	0	293842.1749	276632.2298	290658.7985
674.3518_3.53	2410704.42	2413079.879	2398511.901	0	0	0	2134255.873	2190906.372	2306417.917
513.2667_3.52	387233.7158	339026.2514	456936.2615	0	0	0	329028.6587	328709.8722	324661.8015
483.7352_3.52	810859.9392	858414.2214	878023.5434	0	0	0	785587.993	697191.4766	813099.0744
750.3596_3.51	3338893.772	3333156.075	2738542.326	0	0	0	3037830.421	3186763.35	3198936.598
525.3028_3.49	4553220.732	4127046.472	5847298.107	0	909.0455426	0	3832485.458	3844077.618	3905831.497
451.2183_3.49	1284453.701	1232792.606	1382249.436	0	0	0	1155019.191	1188123.426	1178756.891
328.1961_3.49	239584.8227	283461.6629	78789.31434	641566.4034	689524.6795	667238.6171	323506.856	320932.5956	325146.8091
630.3372_3.48	439139.3666	433569.5323	687409.7119	0	0	0	367167.3984	367425.5886	388829.2174
383.2284_3.47	385950.5606	384998.1896	462207.3719	0	0	0	334151.258	314260.074	319937.0532
652.2987_3.45	5617032.274	6033724.332	3812242.67	0	0	0	5987022.442	6318034.889	6266871.273
837.4471_3.44	895994.8513	983748.9824	1071553.648	0	0	0	800689.5149	798378.8751	800231.3946
585.2873_3.44	4412185.391	4551556.668	4709403.787	0	0	0	4106402.319	4362812.678	4334895.31
262.2009_3.44	0	0	0	75968.69284	2480.62377	1803.632067	0	1075.437286	1343.709826
229.1004_3.43	144659.0981	160047.9609	84912.74663	16890.67137	20006.84512	20147.89499	120470.0458	124984.3224	117113.887
356.2538_3.41	4541.681527	16107.96979	0	306512.4858	335130.6106	311983.9115	40431.70456	32719.20329	42938.61938
864.4573_3.4	4420365.562	5200633.985	5276047.701	0	0	0	4473368.816	4326883.873	4141192.114
561.7986_3.4	1489383.619	1562128.103	1650929.768	0	0	0	1459856.306	1491705.474	1476389.592
778.4093_3.34	8197760.335	8799264.625	9381541.27	0	0	0	8090395.251	8096814.47	7927554.344
669.3559_3.33	2171899.981	2436481.01	2813018.545	0	0	0	2266247.039	2160070.848	2227397.088
316.2227_3.33	588322.2143	590061.8272	673829.8141	0	0	0	523297.7561	530210.3351	528723.4778
519.2565_3.31	1222281.767	1311469.805	1397648.921	0	0	0	1249136.904	1202359.362	1194997.509
515.2825_3.3	1107660.745	1200058.494	1347054.824	0	0	0	1151525.325	1041758.218	1097622.385
470.2242_3.28	895195.0035	1055982.097	676988.3334	0	0	0	1038999.449	1044265.879	1025941.031
690.3244_3.25	2933249.453	3269034.955	2084066.157	0	0	0	3398695.725	3105345.152	3171140.812
679.3448_3.25	2925649.858	3023298.066	3142333.343	0	0	0	2934200.858	2699752.128	2985383.424
598.3191_3.24	1106748.14	1152530.595	1236604.287	0	0	0	1074297.544	982778.8241	933805.6265
568.3088_3.21	840092.66	877637.9281	1001449.554	0	0	0	826169.8563	762837.2314	741038.2935
693.3192_3.2	1311930.385	1506839.897	1171328.504	0	0	0	1328842.378	1265698.14	1205019.266
655.3408_3.2	40667402.8	42291350.55	41883198.09	0	0	0	39016971.99	38103961.73	38247003.55
596.3395_3.2	764008.0152	833646.3834	925776.3685	0	0	0	772605.472	697812.8063	671184.4004
472.2405_3.2	850140.9323	914213.6746	904585.4794	0	0	0	850874.2639	819517.8017	783762.4142
599.2983_3.19	3374618.209	3843567.167	3311890.353	0	0	0	3599918.999	3633333.675	3622667.637
508.251_3.16	423644.8739	439026.2764	463307.1122	0	0	0	431355.91	379768.3048	341840.7795
462.761_3.15	423916.7101	540044.757	605631.2	0	0	0	497943.4456	483118.27	417503.4273
786.1636_3.14	0	0	0	1489942.986	1878966.599	1341707.399	19534.66513	17296.91576	21724.93483
525.3027_3.12	1040130.878	954770.292	1217174.808	0	0	0	863182.7832	880899.7595	824063.0075
227.1752_3.12	1682547.489	2133946.888	444386.8821	9491627.264	9648783.852	9384081.004	2691301.444	2759227.439	2670147.149
498.2428_3.1	538388.0561	642891.7871	387288.1974	0	0	0	725994.9664	698611.1245	611693.6335
522.2192_3.09	14734902.51	15713154.19	14128868.08	0	461.8509707	0	15230625.54	15176873.82	14602819.88
592.2721_3.06	8333722.363	8953037.123	8014834.149	0	0	0	8666961.72	8591682.921	8372687.871
440.2135_3.05	1897261.382	2106126.267	1443977.346	0	0	0	2131699.552	2155578.998	2017192.473
154.0417_3.05	9741418.685	11640544.54	4404760.702	15564725.18	17116798.57	17515240.04	10463200.91	10941144.39	10470475.75
118.0653_3.05	1389489.342	1569375.913	826420.5554	1775677.118	1933691.091	1959233.703	1444085.195	1481425.889	1454443.509
744.3515_3.01	2416419.284	2942363.125	2465089.893	0	0	0	2583759.687	2683676.897	2493500.15
584.3034_3.01	8881007.771	9390227.979	9164378.732	0	0	0	9001481.481	8461509.617	8397795.795
405.7266_3.01	305296.1002	297959.1113	382823.2927	0	0	0	286534.6743	283886.783	305468.9672
144.0807_3	565929.9332	567559.192	519864.2496	53782.39033	51427.91546	47244.70334	505540.6986	531760.3193	513898.9918
377.1851_2.99	726026.2368	895136.5321	830098.4042	0	0	0	785790.5261	721201.9895	712221.323
307.0954_2.95	0	0	0	113153.5513	90144.01847	64674.59625	3319.688248	0	4792.322599
348.1762_2.94	362180.8622	362653.9813	362907.9352	16361.73823	18893.38866	10205.58322	343705.318	352998.893	329232.0014
543.2762_2.91	728494.2158	638800.7659	797222.6397	0	0	0	660284.5178	689688.4194	636637.9142
223.1076_2.91	2204123.244	2214819.812	2331528.648	0	5.993538553	687.0251169	2118547.737	2097761.493	2041651.097
501.2665_2.87	5702833.43	5622809.225	6140629.533	0	0	0	5358164.489	5515310.021	4976747.401
556.3084_2.86	19758937.19	19257035.92	21946941.68	0	0	0	18151873.83	19024323.78	16993042.84
239.1488_2.86	46688.90254	51334.04624	8154.286892	218175.03	134837.7394	143784.2856	70001.28241	68425.3736	69405.85549
276.1552_2.86	490153.082	464027.2994	522866.3495	1922.464844	5178.40315	592.3354136	457393.5225	501273.7202	445983.2168
650.2836_2.84	1418816.633	1443292.694	1281862.317	0	0	0	1365511.079	1562923.324	1268788.431
318.1292_2.84	4619601.526	4591644.901	4595372.712	1323.276908	2013.296066	509.6847425	4528397.249	4743230.845	4396574.18
229.1545_2.84	17650351.81	17030561.15	18467297.38	74796.59952	84317.82304	49809.62676	15877927.39	16245935.19	15664100.99
577.7837_2.8	2912288.167	1705109.326	2414015.345	0	0	0	2121007.146	2556216.712	2314210.767
285.1343_2.8	678848.7862	664544.2292	689826.2844	0	0	0	628644.1494	692238.8638	619689.8978
799.4298_2.77	1735376.875	1608279.103	1989714.715	0	0	0	1502896.859	1621807.037	1501961.287
527.2822_2.77	5301493.681	4924018.155	5575704.722	0	0	0	4643888.175	5318730.348	4612003.724
270.1922_2.76	3065412.531	2858086.201	3457369.955	43542.16371	25233.42643	26779.78921	2616416.665	2675752.226	2563305.446
414.2343_2.76	19785458.39	19738794.18	20652624.46	0	0	0	18000770.07	19095665.06	17588076.82
712.362_2.71	4475461.331	4576033.471	4506233.897	0	2427.362473	0	4239230.8	4491677.387	3896490.342
487.2516_2.71	200113.7567	258766.9525	396330.378	0	0	0	204399.4838	184551.9471	199851.6076
233.1494_2.71	566363.0243	559168.6008	544091.6243	1129.722911	2366.163046	195.8724944	497132.0276	525196.3484	502044.5256
440.2377_2.7	842661.6652	866181.3876	1010248.551	0	0	0	782426.4089	830908.1938	702906.7488
203.139_2.69	2088183.5	2106536.928	2013649.513	9732.535126	3061.773094	5647.843305	1858353.774	2017816.62	1896120.822
626.3127_2.66	2696267.164	3058690.889	2738668.343	93438.9668	137756.0698	64748.80396	2735069.675	2849105.356	2727501.089
251.15_2.66	701262.2594	707357.5487	647377.9755	14006.47146	13803.3272	14746.18374	602194.9732	659198.8318	625479.5269
495.2559_2.64	673542.3131	748431.9914	652330.7138	0	0	0	633853.731	695709.3127	638894.0309
547.7646_2.63	9569240.429	10323364.96	8250367.007	0	0	0	9290766.598	10162284.2	9307659.364
401.2438_2.63	0	4111.890853	0	189307.0897	152411.6925	130038.9221	4284.72256	0	4163.003543
318.118_2.63	1144.219422	1485.714899	812.8134833	209751.4752	223453.4986	121700.3647	633.7816103	1180.510012	1242.807791
260.1603_2.63	1542767.3	1529441.7	1710305.764	3.439359983	1.820711781	0	1310092.943	1384064.3	1304952.102
696.331_2.62	2743847.342	2989936.507	2422511.874	0	0	0	2673230.69	2847277.467	2566971.279
504.2485_2.62	6729940.51	7034935.081	6639428.448	1546.036925	0	0	6590378.684	7011673.336	6644467.949
430.2293_2.62	9126268.444	8650648.58	10037795.46	0	1400.640946	0	7090758.841	7474400.65	7054107.686
400.2186_2.62	8829657.215	8730918.354	9285839.708	0	0	0	8156901.513	8540651.156	8002977.027
143.1178_2.62	589463.7673	545582.8608	765270.942	0	228.2680269	0	479822.5502	521261.3856	503820.6658
532.2676_2.61	3144968.933	3128417.383	3051902.605	0	0	0	2653995.356	2835050.055	2730902.653
446.7351_2.61	16192540.84	16702661.15	15853135.11	4498.245372	0	0	15007025.06	16261687.39	15131288.05
586.3192_2.6	552664.7877	572624.3981	652461.4736	0	0	0	483544.0403	520887.6369	508356.8354
266.1296_2.6	329879.9107	321792.0077	357634.3023	2109.675512	1581.946472	2388.936883	303987.5849	294666.4487	292039.2242
788.3896_2.59	1637152.586	1691284.2	1537486.438	0	0	0	1553889.158	1533937.475	1434954.688
392.7244_2.59	3146875.755	3030340.073	3501098.706	0	0	0	2698988.718	2854763.321	2705934.281
556.2729_2.59	1561733.975	1571455.123	1721153.638	0	0	0	1544164.924	1629265.452	1626991.955
208.133_2.59	0	0	0	44474.64911	38104.78585	48283.85287	1688.674194	0	1483.62249
643.3395_2.58	2081625.1	2070752.335	2645632.818	0	0	0	1886290.825	2044253.07	1841674.908
512.2476_2.58	4601166.936	4675063.524	4714622.729	57438.2636	71849.73908	59115.66543	4551333.265	4838390.687	4549084.352
418.7219_2.58	8690861.817	8725851.837	10050280.57	1347.248978	0	0	8205842.114	8485971.594	8052215.101
411.2166_2.58	4305069.82	4178162.324	4834366.242	0	0	0	4414054.737	4352731.632	4167644.071
939.4634_2.56	1082751.756	895032.9899	1824087.798	0	0	0	1418520.939	1138978.878	1176586.336
514.2622_2.56	1571611.455	1354887.176	2413004.916	0	0	0	1727771.65	1699584.119	1722548.4
249.1266_2.55	723389.7995	814953.0199	1045239.609	565.6503856	0	0	637516.1948	647622.8643	642698.3599
181.097_2.55	839232.7476	655018.7907	705219.0731	18034.62233	14577.66736	13021.44852	619308.4645	570531.6718	632110.7447
568.2719_2.51	16441267.62	14885358.29	21969035.9	0	0	0	15113183.57	14751404.79	15428544.6
499.2509_2.51	3583861.289	3195480.605	5231217.629	0	0	0	3580230.823	3354189.712	3484026.198
328.203_2.49	768328.5362	676715.5885	1382221.993	1191.82771	0	0	729452.183	756384.7229	757635.092
144.0807_2.37	71520.16935	61479.07213	83841.84844	13330.16312	11932.16099	11958.53329	60596.46331	50857.62924	63365.76114
120.0809_2.37	35895271.95	33105778.84	46906812.22	207434.7447	405437.5261	251193.2041	27750680.91	27766925.03	28416958.84
107.0494_2.36	570715.8825	503147.4992	770656.3911	24131.10978	30238.23849	26965.85171	425152.3199	427780.2259	447168.1764
93.0702_2.34	156881.2262	144833.7959	166949.4316	37006.09589	44458.41991	40708.79103	125178.285	121611.27	123457.2767
329.1815_2.25	5250722.953	4509721.256	7637690.308	1482.5834	0	0	4126992.696	3968251.722	4136545.415
443.2243_2.23	1731583.848	1506470.505	2384225.023	0	0	0	2055057.749	1598982.893	2139558.812
543.2403_2.21	13028488.6	10775966	23265119.89	0	0	0	13357380.34	12933581.88	13881076.55
345.2237_2.18	741244.1429	619467.5197	1512318.282	0	0	0	576761.0605	552966.5059	607392.572
199.1075_2.15	797875.4124	714332.0672	918808.0395	69422.12127	77315.25343	69515.66224	851795.2299	722341.4781	922204.8194
267.1336_2.12	184854.535	168484.4	289008.344	0	0	0	136808.5693	127955.0585	143074.687
341.6847_2.07	5282645.614	4739240.904	9697419.422	0	0	0	7414243.213	7095261.919	7157295.708
282.2787_2.04	8857509.987	7701825.528	3541001.707	13268834.79	17241938.79	16088685.13	9259880.224	9520784.113	7885387.091
473.235_2.02	15458858.68	13628664.44	23310733.79	0	0	0	14269163.56	13656968.57	14440506.42
99.0444_1.96	50636.86305	48736.25154	30817.16625	81256.56403	85649.56652	83507.85614	69565.93788	58641.56263	75731.26318
412.2185_1.93	1982971.921	1725249.968	2096291.328	0	0	0	1515648.464	1337336.072	1491557.642
195.1127_1.88	948264.1581	849691.2825	1060352.779	48282.93247	42118.87024	33925.83563	963415.1214	938303.2607	1001482.399
239.1024_1.87	675361.2801	572846.2668	885357.5838	17320.3588	12460.70289	14520.4589	601638.6326	597556.9743	610631.6685
213.0868_1.86	193982.7573	159560.9885	198465.0554	613.1471313	0	0	182503.7694	177232.5131	180411.4062
479.2221_1.86	1714525.862	1490573.603	2852579.749	0	0	0	2327902.945	2218292.608	2309431.608
542.2564_1.82	7401855.136	6953829.087	11894655.86	0	0	0	8555589.38	8122861.309	8365504.254
254.0866_1.81	89033.72722	79961.60214	202825.0229	0	0	0	94158.94678	75535.72733	89639.82938
599.278_1.8	2383861.994	2098369.855	4489265.548	0	0	0	3269895.036	3141268.214	3392133.187
481.1295_1.8	0	0	0	1976804.853	1582813.484	1305008.035	232675.9193	247256.6837	263072.8119
341.1815_1.8	945711.5958	855175.9564	1268232.788	0	0	0	976069.6945	932061.057	989312.1114
243.0973_1.8	3881874.711	3352846.12	4477196.643	667979.8969	584068.9812	524858.6107	4339936.157	4274458.617	4503619.462
225.0867_1.8	956859.8729	850771.5354	1120157.392	13581.4249	13905.8798	15360.79743	1206441.445	1182836.522	1212600.791
152.0566_1.8	804577.0264	697059.4325	1132296.979	633537.1182	689853.1404	366040.3768	1007482.228	984518.737	1056977.809
529.1629_1.79	0	3.360086075	0	2552217.53	2643458.594	1787426.782	50620.98241	54381.81726	67417.44973
388.2185_1.79	21610.94129	20013.77872	17728.15258	254469.6371	209102.29	173210.0139	63132.20464	37560.34727	68389.03016
327.1655_1.79	1004584.15	916186.5634	1516395.901	26764.38019	27679.39594	14500.43537	1248558.046	1178781.991	1265329.286
301.1293_1.79	730984.6469	594750.2663	991972.4981	0	0	0	747114.7545	729492.3146	752763.2208
294.1542_1.79	4756473.668	3769576.775	8159223.464	0	1185.534256	0	4073001.401	3952027.029	4047326.109
276.144_1.79	1093624.95	830195.7188	2078439.512	853.4239729	0	0	1583605.198	1493627.09	1568524.605
217.0817_1.79	2240.113494	2614.271511	1333.680235	114846.4763	107316.463	67226.93397	23758.91516	29000.61132	23558.15543
156.113_1.77	254053.6133	229010.6202	299526.0036	29.79127294	45.61784661	36.11218988	236588.3557	229244.7822	238064.9988
215.1389_1.75	11020005.61	10068532.4	17645003.05	49077.30977	61854.82712	29945.95263	10730771.26	10482815.53	10556817.21
337.1479_1.73	148764.4855	164691.8016	170989.5965	0	0	0	262031.7365	262188.2918	224097.2886
272.16_1.52	1301771.06	1228994.128	1742722.189	0	0	0	1479421.737	1514491.599	1533761.377
132.1018_1.52	171092200.7	161007624.6	227502733	2292244.833	2285498.328	1775321.399	130528886.6	132604971	135544553
207.0796_1.48	93116.06649	116911.9894	205176.714	401.4585012	0	829.5189067	138944.1821	176966.7695	157327.2523
574.2461_1.41	4673311.799	4567970.47	9048358.943	0	0	0	6544033.601	6618572.082	6930655.065
123.0441_1.41	2373419.02	2199379.08	3295305.598	41458.31763	49427.1948	43762.2669	2505335.319	2558300.036	2569088.835
237.1343_1.37	1264730.194	1218419.572	1508400.443	173.2115513	103.555563	0	1511756.176	1560049.873	1591236.636
260.1965_1.35	2416094.856	2229528.827	4282626.048	0	0	0	2409500.13	2465078.305	2491429.906
247.0919_1.28	0	0	0	203509.4611	249496.7337	168168.3635	12881.10126	21264.89876	10065.46823
516.2409_1.28	575334.5574	541771.4122	931062.9861	0	0	0	743446.9896	713537.6755	742250.9596
243.0972_1.28	1601424.187	1510863.313	1726229.363	248185.5778	251961.261	217405.0621	1872711.114	1891864.506	1934397.314
430.1926_1.24	4660020.105	4628946.914	7817055.419	0	0	0	6152684.11	6302261.067	6509083.426
235.1187_1.24	8099142.116	8459688.788	8736683.954	2506.422496	1779.781796	1275.325429	9899463.512	9861516.763	10039732.37
131.1179_1.23	139501.3856	133760.8219	194599.9729	0	0	198.5138369	171938.8286	174480.6358	172934.3726
213.1231_1.22	206421.1521	234781.0815	290626.046	15061.69336	17911.33274	10293.66515	334093.4259	350264.7727	324019.0605
270.1556_1.15	7386198.927	7769940.283	8747031.591	10.18775983	7.069290186	777.2276257	8354965.43	8167904.948	8337575.42
158.0923_1.15	3912455.474	4249811.657	4392796.761	35412.38074	34292.68462	19251.94684	5738109.596	5595545.395	5742809.486
376.182_1.09	565826.2585	579150.4905	782682.4705	0	0	0	796831.866	746157.2841	738126.3647
147.0763_1.09	629666.549	727373.1139	888815.8476	326938.0844	371786.0576	275256.6262	705051.9957	694912.3205	706186.4823
329.1921_1.05	475237.3518	483557.2846	671391.4653	0	0	0	378451.3644	366816.5068	368502.9497
428.0361_1.04	0	0	0	358880.5336	532658.9443	225393.9449	66323.12565	84060.92612	75868.7902
388.2296_1.04	297637.303	318768.2326	520529.4943	0	0	0	473714.2343	536438.3085	509004.0047
288.2025_1.04	450404.0673	514473.5556	462833.5669	0	0	0	422103.5421	384910.1657	406171.6128
84.0448_1.04	121318.1655	151147.3536	103275.7504	179096.7261	190107.8936	176067.1717	210784.1878	209007.7579	211250.9772
166.0532_1.02	191823.3161	126771.2322	154270.8258	0	335.0733638	797.7262505	122535.6061	112760.8086	109998.6155
258.1096_0.99	2849605.456	3655916.219	1769227.684	395404.9407	834884.5499	443293.8157	1856109.16	1845464.532	1798698.1
132.0656_0.99	202454.552	239666.8594	210352.8605	31095.12109	40816.02043	29274.97946	201065.659	185736.8626	211396.2807
90.0553_0.99	260446.8176	324804.4797	396161.2064	70559.04931	66415.69693	53626.18403	272208.2521	250996.0605	280397.4694
217.1294_0.89	210741.668	225302.8623	197360.6426	7369692.331	5947759.049	4782900.491	3814497.745	3603675.204	3531409.929
247.1287_0.83	378027.0213	443207.4577	410215.9624	0	0	0	199768.3031	189965.1616	191509.0204
288.2026_0.83	637773.8338	560765.5438	691632.4332	0	0	0	304293.9274	297913.0442	296120.0955
247.1398_0.83	466989.926	384989.1301	522859.627	0	0	0	257541.9855	242913.7207	239412.1457
244.129_0.83	665401.2038	662327.2885	641031.9511	0	0	0	258894.6989	248921.1016	253774.9701
226.1548_0.83	1819023.325	1847953.031	1203653.853	0	0	0	6084.187622	7831.283013	10182.78147
158.0923_0.83	967910.4072	886069.3674	973969.3921	1434.869088	0	0	391511.2466	395762.1923	352064.7904
343.1719_0.82	708475.5576	705774.1635	867654.9869	0	0	0	197478.6282	206136.203	204749.4136
400.2299_0.8	2221404.365	1913308.398	2289437.047	0	0	0	651966.6575	659792.7431	637963.1946
274.1869_0.77	497511.6745	411743.7028	524929.1272	0	0	0	259307.5172	260061.6302	247061.7991
245.1129_0.77	181333.0616	182355.0921	218908.4554	0	0	0	38607.21005	33858.67285	44256.45305
174.0872_0.77	517309.2836	566181.2621	521722.9725	164.5645888	86.36935925	52.99796717	329646.7947	319914.8038	316653.2676
200.1392_0.75	1222348.007	1157778.016	1223974.444	0	0	0	575951.7824	606317.514	614837.5465
129.1023_0.75	503238.3057	467437.3858	455984.8428	437098.4943	473759.8289	365367.3814	435249.3482	446550.1892	445762.0152
276.1187_0.74	1142368.474	1086605.867	1121256.605	0	0	0	587567.3937	615119.6709	644454.6876
258.1556_0.74	237287.2993	224421.9513	241403.3057	2107.809848	3065.548186	1940.973587	18685.42334	5166.505901	10928.28678
235.1649_0.74	0	0	0	9313713.432	8773359.018	8640418.556	779385.0762	717556.4015	672273.1497
255.1447_0.72	305073.1231	311015.9899	339743.577	0	0	0	131215.0747	161249.8437	132690.1077
211.0688_0.72	28246.88262	32350.57157	28254.47841	125953.3519	133298.5178	115267.6824	75383.97986	88540.44106	67504.3838
217.1293_0.69	32094.9044	13967.42	14707.6657	3283032.529	3164440.345	2455482.468	1460955.209	1546111.177	1580247.489
160.1331_0.68	197966.6468	154042.1654	98684.60542	3580134.681	3276785.149	3819175.037	2623228.355	2439071.153	2505928.606
244.14_0.67	887282.4574	872579.9149	959047.9537	0	0	0	534136.9859	557159.162	585071.5313
205.0817_0.66	1056009.112	1053974.11	931056.8628	45954.67495	211006.8743	146391.7172	762293.5514	788958.6811	801206.2525
116.0708_0.65	3603382.492	3581015.475	3157517.173	4849799.891	4534784.062	3995462.711	3930689.975	3901040.961	4131389.18
146.1174_0.65	705349.3406	734956.0522	575539.72	20693099.74	19657262.37	18471279.8	11348804.31	10539778.52	10690340.28
198.0971_0.64	2181765.693	2229139.667	1585059.511	139664.7216	117156.8951	182448.6645	1608389.653	1808831.707	1887489.123
235.1649_0.62	0	0	0	8094430.449	7545012.422	7601031.576	755842.1768	683072.6242	739534.4502
120.0656_0.62	785166.6344	795925.691	526569.8367	3478.729774	21115.5622	7034.934256	631465.5985	656472.9326	647415.058
85.0288_0.62	269440.6953	288221.4727	150038.4756	335463.6965	348146.7143	333031.3673	335393.8375	313309.4428	329164.2242
162.1123_0.62	2911901.025	3192587.085	1914811.951	45605160.58	47751455.97	46701185.3	27781967.61	25959388.45	26236212.32
133.0607_0.62	204881.7264	206608.7632	130517.5387	6175.233308	14929.86089	3715.654837	186330.1177	192224.0041	186453.7751
132.0655_0.62	314283.4565	320864.5908	177704.9648	29032.55746	20695.62002	19698.35155	189593.9221	217988.6501	219806.8839
246.1558_0.61	182775.6672	163896.0661	171780.7737	0	0	0	69288.09556	89372.58565	92520.17034
232.1402_0.61	1265719.621	1308212.385	1215803.944	0	0	0	827539.0829	938857.8824	972630.8577
225.0343_0.59	230675.579	206709.5187	248410.4034	2519.132349	1524.897151	1516.172161	151255.7221	171214.3494	177017.7417
134.0188_0.58	58988.49758	58314.70447	73640.6512	8052.854585	6306.221353	6419.509276	45432.14014	48476.24657	51746.0067
192.1228_0.55	0	0	43.87425758	72899.08045	69854.02764	65585.36206	27210.40845	17877.15859	15253.33218
395.0385_0.52	512178.8511	543795.7046	244152.2514	45570.9219	60200.56526	50729.81634	417492.0427	477841.8101	513369.436
313.0354_0.52	78624.64004	90475.10642	47305.98564	182824.6166	205221.4459	182371.1976	123321.2363	136426.1799	148766.9377
147.0799_0.52	35450.92291	45155.25036	45336.35129	8136.913765	12949.96546	13967.6508	35509.74353	30149.71722	31254.07333
130.0863_0.52	546459.794	547912.1774	561261.5413	119668.1551	128302.2922	107870.0451	465785.6478	493693.8058	495930.9843
251.1598_0.51	103418.2206	90948.84267	76760.34403	1303.566151	0	478.7352904	89656.52772	88598.34062	79566.59194
308.2175_0.5	76415.59694	63276.1561	207019.8515	0	0	0	81363.10343	73371.77163	81694.66613
203.2229_0.5	61236.67539	46647.96155	219983.0279	10046.74536	18276.85548	21030.9346	67496.25378	62512.99465	55696.24255
112.1123_0.49	28216.75116	24791.25522	69255.32172	579.223063	1679.14221	1288.514034	29836.3035	28067.53022	26646.37011
243.1012_0.48	164930.3346	161878.2355	106345.8496	290606.7985	268505.4534	238606.7673	289832.8488	193250.9205	156900.7925
299.1637_0.46	424715.1948	397967.8356	262411.6009	745419.8828	698127.9591	594136.0248	730294.168	524941.889	408689.7157
143.0338_0.46	170434.692	196149.2929	125787.4499	210864.158	216732.9823	202242.4169	189903.3135	211226.1714	224125.9781
282.2787_0.39	5830572.849	4099201.586	2737633.489	6531915.573	8792568.879	8155089.344	4705374.001	5228049.648	4131858.131
193.0494_0.39	466644.4047	460294.0569	327564.97	538584.3957	566503.7457	523994.8068	529312.4651	525039.324	536187.7903
102.0552_0.39	276954.7776	285911.0595	201852.0661	314074.9953	334630.8919	317250.9039	292079.1444	301862.3491	361461.5269
144.0477_0.32	142534.0512	142063.2965	97248.18282	180026.2807	180039.7898	173131.7683	186807.3384	165405.6026	154802.0806
139.0752_0.31	131094.7272	127293.172	91081.05536	147788.2253	147105.7007	144310.835	136259.5192	146998.8071	152768.4569
171.1174_2.29	24464875.76	27446515.94	13753883.01	13696208.89	15214208.48	15269257.82	19301778.88	18813681.94	19285398.89
403.3603_6.25	35734779.61	34667979.63	13725353.95	11243921.41	13411367.95	14086100.67	26609505.3	21371718.44	21189394.91
182.0811_1.41	51232693.9	47974805.07	69235824.33	829465.9633	973744.0786	791077.4372	54391451.68	55724571.3	55754224.42
288.1696_4.64	47264.49483	65651.12587	10463.97704	280989.4787	262296.1904	284498.2164	80930.69754	81301.47717	83622.73384
187.1076_2.62	277939.788	274791.4495	230160.2561	1212.370127	928.9566625	855.2179664	235385.2894	279843.6566	261207.783
86.0605_1.62	1073199.393	1058024.88	1056841.138	256567.1762	241729.8455	215845.2206	834321.224	854669.354	922206.3188
252.1088_1.8	13385.94362	7378.882349	33491.42857	389854.7928	568371.3019	271994.0429	61375.68956	60489.01157	65885.05926
371.1556_2.07	1631831.35	1427978.632	2067922.157	0	0	0	1678409.263	1570682.062	1673309.356
486.23_1.71	4424146.861	4005135.319	6665929.119	0	0	0	5424664.068	5496389.062	5622635.582
710.3936_6.55	0	0	0	203013.9894	778972.9258	1154580.796	0	961160.2632	2009670.032
146.0599_3	606225.4658	617782.1539	559445.5878	124187.21	120995.43	117132.4842	576928.7223	584427.9123	565787.8622
272.1602_2.63	781800.3312	793664.2983	653589.0958	1.153476382	0	0	709189.3691	797642.0937	726885.1313
148.0603_1.03	587046.2848	680446.6355	659647.558	1474869.581	1656632.538	1335274.183	1088639.985	1071833.584	1077555.818
458.2529_6.25	12328.90547	0	0	2127508.001	2076796.553	1465119.941	1286604.561	929920.9478	775004.9846
133.0971_0.52	88700.73401	82608.03628	106362.6873	137756.4588	165111.5632	132135.0939	115960.4013	115614.2389	116247.1036
95.0495_1.41	343268.0335	314738.0954	438702.9536	56043.09656	57252.82049	51284.23029	381161.1722	389855.7494	410919.2705
615.3101_2.84	1863858.259	1904594.828	1946721.938	0	0	0	1765104.214	1975716.086	1770026.036
105.0702_2.67	309450.588	343046.0471	260065.1564	79715.73135	84289.5715	74287.85435	269229.0748	283148.5298	288047.1473
237.1455_6.74	231661.828	204788.3575	177312.2671	236897.216	212710.4672	224352.3947	245638.9417	252866.5584	215466.0086
